5.000000000000000000e+00
1.219438851799664825e+00
3.917370975147333456e-01
9.053846654257104998e-01
4.400083678300188428e-01
1.047132611335390706e+00
-5.601038703106574479e-01
1.138050689895573120e+00
-1.519456310714257352e+00
-1.748534574803627617e+00
2.506148521324087497e+00
1.431984925165098677e+00
1.251265167363790454e+00
-2.893007417059491049e-01
8.689879588315143621e-01
9.875032538724952680e-01
-9.359221498474258327e-01
1.691936889476671091e+00
-1.552646098244776951e+00
-3.268489207200078628e+00
-1.816920005648889891e+00
-7.356443302078701230e-01
4.292497518473953333e-01
-2.473605971251645386e+00
-2.661539803211739330e-01
-2.068367989624518011e-01
-1.365439912524406552e+00
1.719520367550552820e+00
3.154142318111514687e-01
-8.505809793489230719e-01
-3.149719090636999397e+00
-1.602651996263636525e+00
3.927672767298663326e-01
-2.854827163450727845e+00
-9.960973768732748201e-01
-1.549271549002455339e+00
-1.844948284482412104e+00
3.306959446647594891e-02
1.068224201191549483e+00
2.646116797943559806e+00
-1.423422618842722587e+00
-3.225417607157150535e-01
1.690586437610082537e+00
-2.629553272343555514e-01
6.632592595206038277e-01
-8.380969102907833701e-01
-5.552578465791557782e-01
-1.695536783241012646e+00
-2.617149845619238802e-01
3.532962066050195915e+00
1.669774724547370415e-01
6.108217921740861645e-01
1.545787342366836459e+00
2.059288279125313981e+00
2.617579379082690227e+00
1.027934853484723021e+00
2.446710844022829789e+00
-1.209727899685648866e+00
-1.372221841391363828e+00
1.930589151464757958e+00
4.823569891346121130e-01
3.284962692565559506e-01
-1.068633637805857184e+00
1.165205289211110440e+00
1.512359295937150794e+00
6.750433686126429134e-01
3.703414875443319154e+00
3.449985640299733092e-01
-9.091136029903613691e-01
-1.640409948973707288e-01
5.479664117128243417e-01
5.767020630583821195e-01
-3.041643902152708634e+00
-9.132473768928430768e-01
-1.536126345251454417e+00
-1.992832268327180412e+00
1.258327594697245200e+00
3.278094348882384379e-01
-6.210495711562369348e-02
-2.061689014871848968e+00
3.007361924055745872e-01
1.607763585306447585e+00
-1.951297155731049227e+00
-6.237553723865800759e-01
-2.334335585623319442e+00
-2.862310640972175246e+00
-1.844960938450156629e+00
-8.085043108326792627e-01
6.041736641529296126e-01
-3.196467418979876740e+00
-8.175842851753323259e-01
1.359412685212162186e+00
2.678341903495844445e-01
1.369727881339902975e+00
-2.206209185615671808e-01
4.123745386108268463e-02
-1.987127955072971686e+00
-6.566060940910924959e-01
1.975356033138966350e+00
-1.966709871247645181e+00
-1.309016994374941456e+00
-5.059550382580324523e-01
9.108559101892286236e-01
1.766282554766782864e+00
1.161554603737681823e+00
3.260016672208120525e+00
-2.342590249955504578e-01
4.694187634477435811e-01
3.126375112933359457e+00
1.284675886458078953e+00
4.469247983947652880e-01
-1.638885233130065178e+00
5.555967462511421928e-01
1.786021758399820025e-01
-7.532985249552692775e-02
3.124293332630230235e+00
2.066746594563277917e-01
2.114842079487875282e-01
1.366998887158513032e+00
2.884739351424854270e+00
2.591629490923087697e+00
-1.101816823874657736e+00
8.279602352815240707e-01
-9.420533041342271652e-01
-1.558907610935061250e+00
7.071067811865403563e-01
-6.008276487549769618e-01
-9.777421523953849780e-01
-2.794075424826901966e+00
6.632010391723237586e-01
1.976981478153045035e+00
-7.282577248155017724e-01
1.041545318295228562e+00
-8.185531717227043647e-01
-1.108703955484721559e+00
-9.841607783956052291e-01
-3.904313725997320406e-01
-1.744646137542632536e-01
-4.684756213649800216e+00
-2.190302424778795665e+00
-6.609555299346013824e-01
-1.191734971529714748e+00
1.356096698723443517e-01
-7.933866547151843251e-01
2.984184626899353820e-01
-1.525203004000390550e+00
5.998844692890556995e-01
2.498956301072515096e+00
-1.839576093574193383e+00
-1.548862482554010267e+00
-1.705819241042386025e+00
-5.284624140110715240e-01
-5.469314421421543893e-01
-9.259375000998948391e-01
1.296492775162425337e+00
-1.827952186041311267e+00
2.761306284323595817e-01
3.178857019711674337e+00
2.114487895294475894e+00
1.467693769327820696e+00
-5.319670298467580327e-01
1.719094772898285939e+00
2.975845406562124262e-01
-8.416260448215440171e-02
2.140389934492048063e+00
-1.251157312067005201e+00
-9.131732293509472465e-01
2.535260791156951354e-01
2.670868159129033081e+00
2.566819781501107567e+00
-9.255402680368918222e-02
2.665489595462166683e+00
9.038720414282933602e-01
8.983903979631179260e-01
2.424395388483759906e+00
6.478352443992937415e-01
-4.842379978853464939e-01
-2.976296684058953090e+00
4.714926176734037244e-01
8.885066616632678604e-01
-1.355103473350230292e+00
7.384332398137078979e-01
-6.450476257469331953e-01
1.411296679927185327e-01
4.838056746706073108e-01
1.751892482666818518e+00
1.468311186199863005e+00
-3.254953011369654980e+00
-9.286494960495841333e-01
-6.822838250376994651e-01
-1.622016686947344688e+00
-1.271563234301708256e+00
-2.403829496528060439e+00
-1.232955836339465483e+00
-2.931466649907021882e+00
3.134651832006499772e-01
2.182831302919848504e+00
-1.404426798124266185e+00
-5.755152685969866511e-01
-8.215656268895191738e-01
4.270509831247972232e-01
-6.465621490316010300e-01
-1.361486223935677309e+00
-1.446056461450550001e-01
-3.922022458089209351e+00
-1.554276275390896078e+00
8.446087965998461122e-01
3.651367467568137348e-01
8.317775666447280170e-02
-9.834167360830413651e-01
2.218830214629706976e+00
8.496474516941385779e-01
1.227911588920236330e+00
2.851739703279096094e+00
-9.031485724403969240e-01
-8.613282776828445897e-01
-5.334095401446314888e-01
1.675189840706087008e+00
6.880749156790313403e-01
-1.536695759906175685e+00
1.657508526586754183e+00
2.675000830931060225e-01
1.569214823489453181e+00
3.365012014817816421e+00
2.354804608985918257e+00
1.350959604597814945e+00
-1.077261158791676721e+00
2.391754098247254934e+00
1.526426477635652201e+00
-9.764384739348652698e-01
3.117383639208441970e-01
-1.468090158651513599e+00
-4.421911595989369559e-01
-1.606374057003476241e-01
2.002424477895892174e+00
1.824348699637722060e+00
-1.943674495585532735e+00
1.230736451760219952e+00
1.263540502113290831e+00
5.805005149831995448e-01
7.124082817360127828e-02
-1.498599682552990586e+00
-1.153925826466156490e+00
-3.677286978699339404e+00
-4.494732021132687994e-01
4.868282856257077906e-01
-2.692186986466563070e+00
-1.390413792891021849e+00
-1.082987696603996186e+00
1.062823587083463472e+00
-1.225946658484188725e-14
-1.941891717031629661e-02
7.372242447660340980e-01
-3.369566030096302622e+00
-1.183684224994321577e+00
-7.115392645279317030e-02
-1.019511727053227013e+00
-2.160563148121907417e+00
-3.134848677859479960e+00
3.163691665292429622e-01
-1.000412761784496674e+00
5.679342270520262304e-01
2.356329195581763791e+00
-5.946467230467332721e-01
3.362899389030382657e-02
3.241265603766997350e-01
2.548328348930533505e+00
4.214349279561849237e-01
-1.967076181621707054e+00
5.145251034875055751e-01
-1.497915741011174973e+00
8.458389467858362654e-02
1.551558557402340499e+00
1.288462356990333735e+00
7.532211864500575338e-01
-6.244170765924311750e-01
3.846686899834286244e+00
2.831208036176937171e+00
9.751316603353736845e-01
1.800486096711780615e+00
-3.267208760422133373e-01
2.675721588302293341e-01
-3.622743442435505390e-01
1.637492961275176739e+00
5.803416928319551360e-01
-2.696837529050803095e+00
1.070223315975233680e+00
1.368256157801646999e+00
1.749594601499988578e+00
1.455717990959703556e+00
6.778037290781750990e-01
1.002348473056602352e+00
-1.715632746468301884e+00
1.404771431998173670e+00
8.948689874866452287e-01
-2.678443031094988935e+00
-2.081558763357574282e+00
-2.115894836443063198e+00
1.135400107805371039e-01
-1.156103600398308506e+00
-1.909830056249813834e-01
7.274404935080062140e-01
-2.562737889637057176e+00
3.888552754460534722e-01
1.153952235356880074e+00
2.506436650445410530e-01
-1.796928751653446010e+00
-3.078301316079642191e+00
-4.347008274696688712e-01
-2.738073926746872999e+00
-1.124636912617591245e+00
-5.231078572711062025e-02
-2.485574099183533114e+00
-1.266351430575726855e+00
-3.193716621027974378e-01
2.769975314167515190e+00
5.591860400104604611e-01
-1.003734583196385755e+00
1.205106787921993217e+00
-1.228457170176925795e+00
1.028337814925882610e-01
4.033082000723563487e-01
-1.703946019409070534e-01
-1.411515062905842388e+00
-2.474140031847997356e+00
2.429848292776005447e+00
1.417148985212143497e+00
8.104541613274364176e-01
2.059017448272713491e+00
8.105992887928291646e-01
1.872020474653650624e+00
1.117513521127046161e+00
3.143866153176523515e+00
9.073021384254826849e-01
-2.485750093624137236e+00
7.399666171390995029e-01
3.641170368648907196e-01
9.122076061968550365e-01
3.980731770156589189e-01
5.537138135612156287e-01
1.327585941929655844e+00
-4.944872655588737898e-01
3.555105945070348383e+00
2.718078166358340209e+00
-3.895084606134132099e-01
-2.476421612898800362e-01
-6.957744431239505367e-01
8.445251225650686200e-01
-1.532386125238640151e+00
-6.414994829750946259e-01
-5.302487364573453821e-01
-3.413004707470477683e+00
1.201340111941521238e-01
1.067083335028800040e+00
1.048425991187973416e+00
-8.477271635096997882e-01
-1.289562334605822702e+00
1.199945201352813129e+00
-1.628972782997517132e+00
-2.172347200789595534e-01
-5.353744908758557575e-01
-3.376016065100960972e+00
-2.816098328736635903e+00
-2.131626422405268784e+00
1.032639981818773034e+00
-1.420447261188641619e+00
-1.797989801833767887e+00
7.770357073544026383e-01
-9.527724822260765780e-01
1.030374895565572269e+00
1.013474129949644365e+00
5.250809877435326234e-01
-1.598265458711845444e+00
-2.850841925891794304e+00
1.353708598381401895e+00
-7.071067811865819897e-01
-1.134893391090912917e+00
-2.409846637517460421e-01
-7.751737344602310786e-01
8.934081888477415356e-01
8.390161308353273339e-01
3.837215758760759599e+00
1.517652498214318912e+00
-9.943748754292344172e-01
2.084142374764076155e+00
1.172459808752717825e+00
1.329970087102177123e+00
-2.331230416998588961e-01
-1.572270111753041877e-01
-2.826946170795974211e-02
-1.549128658461853103e+00
3.031200796077934356e+00
2.184967248602633916e+00
3.062375403114656058e-01
9.816015703935453418e-01
1.378255134299666063e+00
3.110608349310751919e+00
3.699517167797826689e-01
1.310275871218249177e+00
2.185956951510822366e-01
-2.927050983124895644e+00
3.009322897030308752e-02
2.349885237998766696e-01
2.736960620639264929e-01
-1.811425561971476306e+00
-1.184576653444801009e+00
1.665360153224073603e+00
-5.764691406243783733e-01
1.655140801975050202e+00
9.723137491104993924e-01
-1.553833390544508752e+00
-1.571079090113686405e+00
-1.393300249059179041e+00
9.256370914963207852e-01
-2.764120659693086957e+00
-3.050527267609233650e+00
-1.098616359442659451e+00
-2.513881522746239217e+00
-8.033689901810747713e-03
2.295359685317268639e-01
6.754988215771047244e-01
-1.313770603396215542e+00
-1.694783458550134014e+00
2.325875304244457986e+00
-4.695192396883520747e-01
-1.084851268847943251e+00
-1.335402915549051217e+00
-2.158822937869074643e+00
-1.147447292163257915e+00
-1.363551129921954486e+00
1.917060623570269851e+00
-5.264525221515771181e-01
-1.668671794034023215e+00
1.984902782680823652e+00
1.704835930162123869e+00
2.396527422620620573e+00
6.155928637571153050e-01
9.519829806606061595e-01
1.867490847756224648e-01
-1.569696020724054453e+00
2.419523311391857501e+00
5.706823940199129419e-01
-1.022175723440756689e+00
-4.385599151308278709e-01
7.996456487660466017e-01
3.026947974216176007e+00
9.025260666953981437e-01
2.944804741203170373e+00
1.771500112113838510e+00
-6.543185316520245820e-01
2.069090505045015238e+00
1.598959090525305715e+00
1.088950631680144721e+00
-2.033203672666445527e+00
-1.338005180253400317e+00
8.160642382581451137e-01
-1.336109119046051896e+00
1.445599536164305476e+00
8.163549043082427570e-01
-5.607360809053150152e-01
-1.485746393454785430e-01
7.401581149091588374e-01
2.998987478858061273e+00
-1.308301558606977721e+00
-1.519673954092554125e+00
-7.549757677330339867e-01
-2.657289175264948788e+00
-8.551824586891293434e-01
-1.309221686859488587e+00
-7.397399049016122330e-01
-2.899052623508320714e+00
-2.135086285702308295e+00
2.225143321304372090e+00
-2.079269890294326295e-01
-3.341617765587845401e-02
-5.197057290428660492e-01
-1.071966851748582084e+00
-8.054491040251851031e-01
-1.570592336560264979e+00
9.597115419623953869e-01
-2.668478588778905092e+00
-3.531617925384769041e+00
-2.585341751059148097e-01
-2.214872136409846703e-01
9.881331933247512467e-01
-3.351204767747810731e-01
1.169439137072957990e+00
5.279974077667723975e-01
-4.237909127205532478e-01
3.431945446877366912e+00
8.174926703202125555e-01
-9.083631179799749322e-01
-1.243875729344867231e+00
-1.656167607061385105e-01
1.356939707724045263e+00
-8.734547600185380567e-01
1.753179879335998947e+00
6.173631003213179147e-01
-4.370140644718084055e-01
2.901328016395827714e+00
3.000000000000000000e+00
2.901328016395996912e+00
-4.370140644717503409e-01
6.173631003213606583e-01
1.753179879335928337e+00
-8.734547600185273986e-01
1.356939707724109878e+00
-1.656167607060825553e-01
-1.243875729344800174e+00
-9.083631179801556765e-01
8.174926703200886546e-01
3.431945446877367800e+00
-4.237909127204906312e-01
5.279974077668552201e-01
1.169439137072886048e+00
-3.351204767747787416e-01
9.881331933247403665e-01
-2.214872136408968517e-01
-2.585341751057224080e-01
-3.531617925384785028e+00
-2.668478588778982807e+00
9.597115419622698207e-01
-1.570592336560247659e+00
-8.054491040251144929e-01
-1.071966851748636484e+00
-5.197057290428814813e-01
-3.341617765601012646e-02
-2.079269890294515033e-01
2.225143321304504873e+00
-2.135086285702187947e+00
-2.899052623508252768e+00
-7.397399049017390205e-01
-1.309221686859516565e+00
-8.551824586890699464e-01
-2.657289175264923031e+00
-7.549757677327618710e-01
-1.519673954092773283e+00
-1.308301558606902670e+00
2.998987478858062161e+00
7.401581149089854206e-01
-1.485746393452572756e-01
-5.607360809054859896e-01
8.163549043081994583e-01
1.445599536164018817e+00
-1.336109119045915783e+00
8.160642382584748500e-01
-1.338005180253725834e+00
-2.033203672666411777e+00
1.088950631680000836e+00
1.598959090525360782e+00
2.069090505044991701e+00
-6.543185316521380468e-01
1.771500112113911118e+00
2.944804741202961207e+00
9.025260666954826316e-01
3.026947974216279480e+00
7.996456487658600842e-01
-4.385599151308248178e-01
-1.022175723440799544e+00
5.706823940201871670e-01
2.419523311391732712e+00
-1.569696020724063779e+00
1.867490847757235506e-01
9.519829806606351363e-01
6.155928637568848227e-01
2.396527422620466474e+00
1.704835930162111435e+00
1.984902782680992406e+00
-1.668671794033759204e+00
-5.264525221520164333e-01
1.917060623570151279e+00
-1.363551129921787286e+00
-1.147447292163153998e+00
-2.158822937868985825e+00
-1.335402915549145142e+00
-1.084851268848170402e+00
-4.695192396885773389e-01
2.325875304244600095e+00
-1.694783458549650845e+00
-1.313770603396441361e+00
6.754988215768558124e-01
2.295359685318578702e-01
-8.033689901601359651e-03
-2.513881522746120201e+00
-1.098616359442704304e+00
-3.050527267609099091e+00
-2.764120659693269921e+00
9.256370914962744889e-01
-1.393300249058891715e+00
-1.571079090113776999e+00
-1.553833390544820503e+00
9.723137491103702734e-01
1.655140801975339304e+00
-5.764691406243233063e-01
1.665360153224170192e+00
-1.184576653444768368e+00
-1.811425561971546472e+00
2.736960620637350350e-01
2.349885237999457255e-01
3.009322897052391088e-02
-2.927050983124845462e+00
2.185956951510126256e-01
1.310275871218101740e+00
3.699517167797715667e-01
3.110608349310856724e+00
1.378255134299750884e+00
9.816015703938036907e-01
3.062375403114279138e-01
2.184967248602629919e+00
3.031200796078070248e+00
-1.549128658461690788e+00
-2.826946170772282052e-02
-1.572270111753780730e-01
-2.331230416997497334e-01
1.329970087102212872e+00
1.172459808752852606e+00
2.084142374764174743e+00
-9.943748754293024739e-01
1.517652498214348666e+00
3.837215758760776918e+00
8.390161308354956438e-01
8.934081888479260547e-01
-7.751737344602124269e-01
-2.409846637517498169e-01
-1.134893391090950443e+00
-7.071067811863762653e-01
1.353708598381436534e+00
-2.850841925891745898e+00
-1.598265458711969345e+00
5.250809877435352879e-01
1.013474129949542890e+00
1.030374895565542737e+00
-9.527724822258271109e-01
7.770357073544809090e-01
-1.797989801833795198e+00
-1.420447261188803267e+00
1.032639981818768149e+00
-2.131626422405109800e+00
-2.816098328736524437e+00
-3.376016065100873487e+00
-5.353744908759954235e-01
-2.172347200791395205e-01
-1.628972782997517799e+00
1.199945201353000090e+00
-1.289562334605784510e+00
-8.477271635098447833e-01
1.048425991187847739e+00
1.067083335028884861e+00
1.201340111942830191e-01
-3.413004707470486121e+00
-5.302487364573497119e-01
-6.414994829753841721e-01
-1.532386125238634600e+00
8.445251225649293980e-01
-6.957744431239405447e-01
-2.476421612899587510e-01
-3.895084606137771410e-01
2.718078166358715464e+00
3.555105945070155204e+00
-4.944872655588568033e-01
1.327585941929701807e+00
5.537138135608866696e-01
3.980731770158627003e-01
9.122076061967065996e-01
3.641170368651241995e-01
7.399666171390615332e-01
-2.485750093624348622e+00
9.073021384256843014e-01
3.143866153176293032e+00
1.117513521127125653e+00
1.872020474653726563e+00
8.105992887928448187e-01
2.059017448272828954e+00
8.104541613272360223e-01
1.417148985212249190e+00
2.429848292775952601e+00
-2.474140031848075960e+00
-1.411515062905602136e+00
-1.703946019411839985e-01
4.033082000723965388e-01
1.028337814925295302e-01
-1.228457170176881608e+00
1.205106787922018086e+00
-1.003734583196629560e+00
5.591860400106409834e-01
2.769975314167470337e+00
-3.193716621027543612e-01
-1.266351430575635373e+00
-2.485574099183809782e+00
-5.231078572723457665e-02
-1.124636912617415607e+00
-2.738073926746972919e+00
-4.347008274695902674e-01
-3.078301316079642191e+00
-1.796928751653684042e+00
2.506436650441362657e-01
1.153952235356773048e+00
3.888552754463540095e-01
-2.562737889637059396e+00
7.274404935077759538e-01
-1.909830056249797736e-01
-1.156103600398417974e+00
1.135400107806849856e-01
-2.115894836442946847e+00
-2.081558763357517883e+00
-2.678443031095296689e+00
8.948689874861661675e-01
1.404771431998350639e+00
-1.715632746468244152e+00
1.002348473056436706e+00
6.778037290780741797e-01
1.455717990959507713e+00
1.749594601500118252e+00
1.368256157801633233e+00
1.070223315975487921e+00
-2.696837529050816418e+00
5.803416928314411027e-01
1.637492961275293535e+00
-3.622743442434723793e-01
2.675721588302457654e-01
-3.267208760422672942e-01
1.800486096711598538e+00
9.751316603353656909e-01
2.831208036177028209e+00
3.846686899834468765e+00
-6.244170765923741095e-01
7.532211864500761855e-01
1.288462356990297542e+00
1.551558557402435756e+00
8.458389467863380862e-02
-1.497915741011180524e+00
5.145251034875580887e-01
-1.967076181621863817e+00
4.214349279561810935e-01
2.548328348930472220e+00
3.241265603767108372e-01
3.362899389033202624e-02
-5.946467230467872289e-01
2.356329195581885472e+00
5.679342270520192359e-01
-1.000412761784370108e+00
3.163691665293663080e-01
-3.134848677859555899e+00
-2.160563148121946497e+00
-1.019511727053374228e+00
-7.115392645268880933e-02
-1.183684224994316025e+00
-3.369566030096329712e+00
7.372242447659715925e-01
-1.941891717028843001e-02
3.677839975452566491e-14
1.062823587083554955e+00
-1.082987696603855632e+00
-1.390413792891040279e+00
-2.692186986466632792e+00
4.868282856256976876e-01
-4.494732021131119803e-01
-3.677286978699358055e+00
-1.153925826466242199e+00
-1.498599682553060530e+00
7.124082817340221530e-02
5.805005149831740097e-01
1.263540502113283726e+00
1.230736451760343186e+00
-1.943674495585575812e+00
1.824348699637643900e+00
2.002424477895897947e+00
-1.606374057003361333e-01
-4.421911595989109767e-01
-1.468090158651474963e+00
3.117383639209001522e-01
-9.764384739350183695e-01
1.526426477635715706e+00
2.391754098247047100e+00
-1.077261158791543494e+00
1.350959604597846031e+00
2.354804608985845427e+00
3.365012014817891917e+00
1.569214823489293309e+00
2.675000830933313978e-01
1.657508526586795483e+00
-1.536695759906165692e+00
6.880749156791113874e-01
1.675189840705843203e+00
-5.334095401444236551e-01
-8.613282776829203069e-01
-9.031485724403631732e-01
2.851739703279007276e+00
1.227911588920018282e+00
8.496474516944465538e-01
2.218830214629686548e+00
-9.834167360830022853e-01
8.317775666445403893e-02
3.651367467566449809e-01
8.446087966000629388e-01
-1.554276275390932938e+00
-3.922022458089085006e+00
-1.446056461450535569e-01
-1.361486223935838069e+00
-6.465621490315809350e-01
4.270509831250225430e-01
-8.215656268892875813e-01
-5.755152685970478244e-01
-1.404426798124303710e+00
2.182831302920131833e+00
3.134651832004104466e-01
-2.931466649906817601e+00
-1.232955836339325151e+00
-2.403829496528147480e+00
-1.271563234301731127e+00
-1.622016686947160835e+00
-6.822838250372793567e-01
-9.286494960498483664e-01
-3.254953011369827287e+00
1.468311186199418694e+00
1.751892482667023465e+00
4.838056746706024813e-01
1.411296679928181752e-01
-6.450476257468705787e-01
7.384332398138209186e-01
-1.355103473350308008e+00
8.885066616632358860e-01
4.714926176737094243e-01
-2.976296684058828745e+00
-4.842379978855235745e-01
6.478352443991478582e-01
2.424395388483537861e+00
8.983903979634570991e-01
9.038720414283989424e-01
2.665489595462151584e+00
-9.255402680365931722e-02
2.566819781501187947e+00
2.670868159129191621e+00
2.535260791159193450e-01
-9.131732293508280085e-01
-1.251157312067150862e+00
2.140389934491883750e+00
-8.416260448187884435e-02
2.975845406564526785e-01
1.719094772898174694e+00
-5.319670298467461533e-01
1.467693769327589770e+00
2.114487895294424824e+00
3.178857019711776921e+00
2.761306284327802452e-01
-1.827952186041481797e+00
1.296492775162381372e+00
-9.259375000997496219e-01
-5.469314421419875227e-01
-5.284624140110888435e-01
-1.705819241042209722e+00
-1.548862482554107967e+00
-1.839576093574556204e+00
2.498956301072349451e+00
5.998844692893225972e-01
-1.525203004000420304e+00
2.984184626900847626e-01
-7.933866547152149673e-01
1.356096698724935656e-01
-1.191734971529832876e+00
-6.609555299342411150e-01
-2.190302424778786339e+00
-4.684756213649885481e+00
-1.744646137543048869e-01
-3.904313725997996531e-01
-9.841607783956027866e-01
-1.108703955484715786e+00
-8.185531717228438087e-01
1.041545318295154177e+00
-7.282577248157094951e-01
1.976981478153140959e+00
6.632010391723951459e-01
-2.794075424826757637e+00
-9.777421523955394100e-01
-6.008276487550135991e-01
7.071067811864945041e-01
-1.558907610934915144e+00
-9.420533041344998360e-01
8.279602352812505117e-01
-1.101816823874778750e+00
2.591629490922980672e+00
2.884739351424827625e+00
1.366998887158670239e+00
2.114842079487725401e-01
2.066746594562007822e-01
3.124293332630208475e+00
-7.532985249543355799e-02
1.786021758399559956e-01
5.555967462509188159e-01
-1.638885233130029873e+00
4.469247983947142178e-01
1.284675886457855132e+00
3.126375112933506450e+00
4.694187634477218762e-01
-2.342590249955813775e-01
3.260016672208077892e+00
1.161554603737546154e+00
1.766282554766716029e+00
9.108559101890576493e-01
-5.059550382578235084e-01
-1.309016994375130860e+00
-1.966709871247802610e+00
1.975356033139018530e+00
-6.566060940911961907e-01
-1.987127955072913066e+00
4.123745386099852972e-02
-2.206209185616696544e-01
1.369727881339761089e+00
2.678341903493340892e-01
1.359412685212540106e+00
-8.175842851755713570e-01
-3.196467418979778152e+00
6.041736641528113738e-01
-8.085043108328056061e-01
-1.844960938449999643e+00
-2.862310640972208997e+00
-2.334335585623367848e+00
-6.237553723867085287e-01
-1.951297155731180455e+00
1.607763585306765552e+00
3.007361924053712499e-01
-2.061689014871649572e+00
-6.210495711570307442e-02
3.278094348881643860e-01
1.258327594697169483e+00
-1.992832268327084488e+00
-1.536126345251428216e+00
-9.132473768927890090e-01
-3.041643902152949774e+00
5.767020630584881458e-01
5.479664117126415990e-01
-1.640409948972876841e-01
-9.091136029905572125e-01
3.449985640301456158e-01
3.703414875443264531e+00
6.750433686125165700e-01
1.512359295937341974e+00
1.165205289211185713e+00
-1.068633637805938452e+00
3.284962692564806774e-01
4.823569891344695604e-01
1.930589151464867648e+00
-1.372221841390987018e+00
-1.209727899686033892e+00
2.446710844022724096e+00
1.027934853484496536e+00
2.617579379082719537e+00
2.059288279125376597e+00
1.545787342367064054e+00
6.108217921740786149e-01
1.669774724546005951e-01
3.532962066050189698e+00
-2.617149845617114945e-01
-1.695536783241078149e+00
-5.552578465790219964e-01
-8.380969102907127599e-01
6.632592595204463981e-01
-2.629553272345060977e-01
1.690586437610242854e+00
-3.225417607157364253e-01
-1.423422618842932863e+00
2.646116797943462107e+00
1.068224201191783962e+00
3.306959446644108791e-02
-1.844948284482089029e+00
-1.549271549002330550e+00
-9.960973768732285238e-01
-2.854827163450813998e+00
3.927672767298476808e-01
-1.602651996263396716e+00
-3.149719090637071783e+00
-8.505809793491095894e-01
3.154142318110414456e-01
1.719520367550682050e+00
-1.365439912524028188e+00
-2.068367989622288960e-01
-2.661539803212683020e-01
-2.473605971251607638e+00
4.292497518473565865e-01
-7.356443302078484736e-01
-1.816920005648618996e+00
-3.268489207200050650e+00
-1.552646098245039630e+00
1.691936889476590045e+00
-9.359221498474048495e-01
9.875032538727948062e-01
8.689879588313247361e-01
-2.893007417057906205e-01
1.251265167363724284e+00
1.431984925165117106e+00
2.506148521324231382e+00
-1.748534574803406905e+00
-1.519456310714323966e+00
1.138050689895575118e+00
-5.601038703107251715e-01
1.047132611335474195e+00
4.400083678299613332e-01
9.053846654259183335e-01
3.917370975145129663e-01
1.219438851799719448e+00
